1997 10.036 10.199 11.130 14.64 437 29 376.6 413.6 6.5 13.6 2.2 6.9 21.7 39.2 19.2 45.4 2.17 0.20 100 450 460 507
1997 40.535 41.119 41.769 7.87 458 17 522.2 590.9 3.9 8.9 3.4 2.6 58.9 76.4 39.2 55.6 2.28 0.14 90 450 600 683
1997 135.052 135.625 136.110 18.86 468 -38 318.9 394.1 18.6 40.3 7.3 18.4 29.1 39.1 36.9 64.0 2.17 0.13 150 450 480 616
1997 146.381 146.649 148.000 9.50 330 16 283.6 306.8 13.8 25.2 3.1 5.3 18.1 23.3 18.3 23.7 1.82 0.05 70 340 350 381
1997 245.944 246.360 246.875 13.65 408 -5 315.6 350.3 11.1 22.3 3.8 7.4 28.3 36.2 25.4 34.6 2.01 0.10 40 410 430 405
1997 326.383 326.730 327.780 16.00 497 15 347.9 434.0 11.7 29.0 5.6 11.8 53.1 99.7 35.9 54.8 2.54 0.07 170 510 520 640
1997 344.190 344.799 346.000 11.70 352 18 289.8 357.1 10.2 25.3 7.1 15.8 34.0 43.7 48.4 68.6 2.49 0.35 50 350 380 460
1997 364.051 364.399 365.369 11.56 366 -10 321.2 374.3 7.7 15.7 5.4 10.3 36.5 45.3 43.4 59.4 2.03 0.17 50 370 410 430
1998 6.562 7.099 8.330 16.09 383 32 306.6 371.6 9.7 27.2 6.5 6.1 32.7 62.5 46.1 45.2 2.83 0.33 80 400 410 480
1998 121.890 122.480 123.700 9.38 519 105 462.5 575.2 4.6 13.5 7.0 13.8 55.2 90.5 71.9 90.4 2.84 0.55 150 520 650 780
1998 238.278 238.880 240.019 13.83 656 155 464.1 648.7 4.9 14.0 6.5 16.4 55.0 163.5 64.8 111.1 2.88 0.31 200 650 860 1260
1999 49.117 49.385 50.000 15.23 658 2 396.7 614.2 3.3 10.9 7.1 19.5 60.3 178.9 85.8 130.1 3.20 0.20 250 540 680 870
1999 187.599 187.800 188.699 7.20 463 -9 340.1 404.8 2.9 5.7 5.6 10.4 20.9 34.7 72.9 97.0 1.97 0.22 50 460 500 620
1999 265.506 265.749 266.399 17.83 560 26 374.6 459.7 17.0 44.7 11.3 9.3 52.4 83.3 61.2 50.4 2.64 0.68 120 530 600 770
2000 42.982 43.514 44.024 12.05 549 13 430.3 593.3 5.0 16.1 6.7 22.5 46.9 77.5 66.2 123.2 3.27 0.50 180 540 590 915
2000 45.299 45.549 46.649 6.35 563 0 570.8 617.8 2.9 5.0 5.8 9.2 63.0 90.8 76.6 97.1 1.81 0.31 100 520 680 815
2000 51.877 52.600 53.553 14.78 378 31 321.2 405.6 8.6 18.5 7.6 16.7 31.9 51.4 57.1 86.9 2.11 0.20 120 380 460 560
2000 195.416 195.649 196.649 6.49 619 23 587.6 682.2 10.4 18.9 10.5 20.9 114.5 129.8 73.3 106.7 1.83 0.25 200 610 670 940
2000 210.276 210.600 211.421 14.26 462 -5 343.3 440.0 5.6 15.2 8.6 18.7 22.3 50.0 79.8 105.4 2.82 0.74 70 440 480 550
2000 223.217 223.869 224.780 12.20 421 4 365.3 399.7 6.1 10.4 6.6 11.0 37.9 59.9 59.8 75.3 1.72 0.22 50 430 480 530
2000 224.784 225.253 226.212 24.62 578 37 408.8 521.4 1.6 3.8 9.4 19.1 36.1 84.7 170.9 216.6 2.67 0.58 120 580 670 830
2000 279.144 279.799 280.819 5.15 475 76 364.8 468.4 7.2 17.1 6.7 18.8 33.4 51.4 54.3 99.9 2.35 0.25 110 450 530 756
2000 286.940 287.767 288.800 11.85 400 6 328.2 445.3 4.3 10.1 6.0 16.2 43.4 56.7 63.7 117.4 2.43 0.24 120 400 460 590
2000 302.276 302.971 304.012 13.79 382 27 317.2 368.2 3.8 8.0 4.4 7.6 32.6 43.0 49.5 58.1 2.10 0.28 50 380 420 565
2000 311.396 311.962 312.753 20.34 536 58 473.9 571.7 2.0 4.2 4.9 9.5 50.3 101.2 78.7 102.3 2.30 0.39 110 510 610 660
2001 23.449 24.360 25.800 4.49 411 0 414.3 556.7 2.9 9.2 4.6 10.8 39.6 97.7 60.2 79.0 3.19 0.39 140 400 550 680
2001 78.481 78.830 79.762 17.16 418 42 313.3 370.0 10.8 17.4 7.1 14.9 41.1 44.0 47.5 79.5 1.64 0.16 100 360 490 520
2001 94.610 94.871 95.349 10.30 739 0 492.6 684.5 3.7 7.3 6.8 9.6 54.1 218.6 78.6 86.8 2.15 0.71 90 650 780 1020
2001 101.590 101.950 102.749 18.72 663 50 530.4 635.1 2.4 7.7 5.4 7.0 74.9 186.2 80.8 63.7 3.60 1.59 230 640 740 1290
2001 118.208 118.749 122.200 6.30 504 168 448.4 754.4 2.4 6.8 6.2 18.7 49.3 100.2 90.8 170.3 3.10 1.36 400 550 730 1040
2001 229.459 229.999 230.800 14.14 533 63 350.7 475.5 4.3 14.6 4.8 18.2 28.0 60.1 52.5 104.7 3.40 0.47 150 500 600 620
2001 272.394 272.599 272.801 11.14 567 127 523.1 664.3 2.4 6.3 4.6 1.2 74.4 110.5 68.4 80.8 2.81 0.83 180 560 700 790
2001 294.694 295.053 296.033 14.78 578 0 371.2 558.1 7.7 28.9 6.1 12.2 64.3 149.9 58.5 87.4 4.31 1.88 250 460 680 870
2001 301.134 302.680 303.449 6.13 381 13 355.1 510.7 2.6 7.1 7.6 18.3 23.6 73.1 106.0 152.7 2.87 0.96 150 360 510 694
2001 328.244 328.658 329.553 16.28 745 150 647.9 959.2 4.6 25.3 6.4 34.9 109.4 224.9 71.8 162.3 5.12 1.09 550 720 1040 1320
2001 363.219 364.142 364.799 17.07 401 -24 376.3 483.1 8.6 27.1 8.0 16.9 22.5 62.5 61.7 71.1 3.59 1.30 90 400 460 580
2002 77.551 78.260 79.650 14.91 381 -14 312.7 471.6 15.5 37.4 4.8 15.5 41.7 82.0 28.5 59.5 2.29 0.37 160 380 470 667
2002 82.475 83.549 84.900 15.35 436 9 400.9 480.0 3.6 9.3 3.4 10.6 40.2 44.9 43.8 76.7 2.57 0.27 70 450 500 625
2002 107.459 107.900 109.349 11.74 489 73 331.5 450.7 20.8 50.3 9.3 56.7 42.5 82.4 44.4 85.1 2.45 0.20 150 480 610 750
2002 109.350 110.290 111.900 6.89 506 92 467.3 682.4 1.3 4.2 9.3 20.9 240.0 333.3 179.0 226.3 3.23 0.41 200 500 640 863
2002 131.438 131.526 131.849 17.40 436 11 334.7 427.2 10.9 26.7 6.6 18.1 34.1 63.1 49.1 79.9 2.68 0.42 90 430 440 610
2002 140.149 140.699 141.899 6.13 421 43 425.0 477.4 3.6 6.4 7.5 13.1 44.6 50.3 86.0 115.1 1.77 0.16 70 420 510 420
2002 143.447 143.960 145.800 10.15 584 245 443.1 571.4 9.4 16.0 15.1 32.6 49.4 79.2 107.8 181.3 1.72 0.39 400 590 920 1323
2002 198.664 199.560 200.399 9.58 420 20 400.8 473.5 5.5 16.6 5.6 20.1 53.9 105.8 54.2 80.9 3.14 0.74 100 460 520 955
2002 213.965 214.300 214.899 11.83 492 29 435.4 471.3 12.1 23.7 8.1 15.3 19.7 30.7 50.7 68.6 1.97 0.08 60 460 520 500
2002 230.778 231.800 233.560 7.76 470 43 420.8 603.3 3.9 13.3 2.8 10.2 54.8 113.3 33.0 66.5 3.52 0.32 160 460 580 766
2003 324.358 324.480 325.069 33.20 593 103 430.1 612.6 3.2 13.7 6.4 14.7 86.1 135.3 78.3 92.1 4.29 1.04 240 580 700 886
2004 204.406 204.560 206.240 11.51 559 64 344.8 462.4 2.6 10.0 4.8 11.2 31.4 78.2 66.0 81.1 4.02 0.78 90 560 670 920
2004 206.231 206.300 207.610 20.44 564 32 493.9 563.4 7.3 20.9 5.6 13.5 23.8 70.5 48.5 65.7 3.36 1.44 90 560 610 890
2004 208.934 209.050 209.999 16.97 962 270 608.7 974.3 2.0 7.2 3.9 15.8 73.9 225.4 60.6 136.9 3.61 0.79 110 640 680 890
2004 312.749 312.945 314.390 16.23 640 60 451.0 620.3 18.1 41.0 19.0 43.7 122.5 164.2 97.7 150.7 2.27 0.34 140 630 720 720
2004 314.767 314.860 315.699 25.00 731 113 636.8 783.7 9.4 30.7 7.3 15.5 85.4 139.8 53.0 68.1 3.30 0.21 170 640 810 830
2005 16.394 16.649 17.292 8.25 530 32 502.7 540.0 2.9 5.9 5.5 7.3 50.9 63.4 71.2 66.2 2.22 0.09 80 520 580 640
2005 51.647 51.849 53.299 5.40 409 40 434.6 448.3 3.5 5.9 6.2 4.4 29.7 40.0 73.2 39.7 1.69 0.14 0 410 440 500
2005 135.090 135.230 136.949 23.37 745 257 487.1 799.9 3.9 23.2 4.8 23.3 53.9 191.4 52.4 130.8 4.92 1.61 400 630 950 1270
2005 191.113 191.449 193.599 11.94 438 -8 348.4 421.3 7.3 13.0 10.8 19.1 39.4 53.2 87.6 117.9 1.74 0.33 80 430 480 720
2006 190.861 191.740 192.740 9.01 368 0 348.0 428.5 3.5 8.1 3.7 8.7 27.8 48.8 43.9 67.8 2.33 0.34 100 380 430 488
2006 231.401 232.580 233.710 8.08 405 -9 342.5 361.6 14.9 21.8 7.7 10.1 34.0 37.4 43.3 47.8 1.47 0.07 90 400 470 620
2006 350.732 351.017 351.799 3.86 383 0 560.6 621.9 2.6 4.3 3.7 9.0 23.5 55.4 51.2 98.9 1.90 0.38 70 580 680 980
2007 323.724 324.023 324.480 18.24 465 2 378.4 412.6 4.8 9.3 3.5 6.6 34.0 47.8 35.4 47.4 1.93 0.07 30 460 480 437
2009 178.460 178.749 179.850 7.61 388 24 371.8 395.2 3.8 5.9 3.8 5.7 28.8 33.9 42.5 51.3 1.55 0.06 30 390 420 320
2010 101.514 101.900 102.592 10.56 411 18 374.5 441.6 3.2 6.3 4.6 9.5 37.2 47.8 55.8 82.3 1.96 0.07 60 410 460 520
2010 215.712 216.119 217.040 10.55 547 43 417.1 503.5 4.2 10.3 3.2 9.2 19.4 40.0 34.5 63.3 2.35 0.21 140 530 590 740
2011 155.838 156.050 156.760 11.50 512 28 341.9 435.9 11.4 29.1 6.0 18.6 26.7 39.1 39.2 77.2 2.75 0.83 120 510 560 680
2011 260.123 260.649 261.880 8.19 443 2 377.0 453.1 4.0 8.6 4.3 10.0 28.9 37.9 47.6 74.2 2.20 0.30 70 430 590 540
2011 278.282 278.414 280.088 10.56 399 49 291.7 431.3 5.6 8.7 4.7 8.5 47.1 54.1 44.4 63.1 1.61 0.01 90 450 460 530
2011 332.874 333.819 334.749 8.33 431 9 387.5 491.4 3.6 7.0 5.4 13.2 43.6 68.7 64.9 108.5 2.09 0.63 100 450 510 670
2012 168.377 168.917 169.474 30.34 449 57 295.4 386.6 3.3 9.0 2.9 11.3 41.2 54.8 35.6 54.0 2.68 0.06 80 440 510 770
2012 196.735 197.260 199.140 16.61 491 105 378.4 573.3 5.8 11.5 8.1 12.4 42.4 126.1 74.4 81.2 2.08 0.75 220 490 670 850
2012 282.175 282.660 283.720 15.16 398 -9 319.5 388.9 7.1 13.4 8.1 15.7 39.2 48.1 66.9 94.3 1.87 0.29 70 390 420 560
2012 305.603 305.983 307.223 10.91 340 32 292.7 349.0 11.0 27.8 3.8 8.4 29.9 43.6 24.0 36.2 2.33 0.16 70 340 370 440
2012 317.935 318.349 319.340 20.10 381 1 311.2 361.2 17.9 37.1 7.6 15.5 29.8 37.4 39.8 57.2 2.04 0.13 50 380 460 530
2012 328.869 329.480 330.449 11.61 380 12 313.4 385.9 5.7 12.9 4.5 11.8 26.1 49.4 42.5 72.0 2.12 0.19 70 380 410 510
2013 76.223 76.590 78.669 9.28 528 107 426.2 639.9 3.3 9.4 3.8 6.9 44.7 143.4 47.1 54.7 2.87 0.71 230 520 720 890
2013 103.927 104.710 107.230 6.87 390 51 367.9 471.0 3.6 8.5 3.9 10.1 38.1 52.2 45.0 78.8 2.34 0.38 100 410 520 660
2013 178.577 179.099 180.499 11.23 391 7 389.4 465.1 2.7 6.3 3.2 7.4 37.9 49.3 42.9 64.3 2.42 0.11 70 390 450 470
2013 193.697 193.850 195.980 11.89 421 68 377.0 429.7 3.2 5.8 5.1 9.7 51.6 82.5 63.2 90.1 1.98 0.59 60 430 500 563
2013 275.052 275.649 275.899 5.75 593 11 374.8 566.1 6.5 20.0 5.6 9.3 59.7 168.1 48.3 48.5 3.13 0.30 220 470 630 800
2014 46.532 47.030 47.600 14.51 389 22 381.8 451.2 6.6 13.9 6.7 14.0 45.3 66.7 56.9 87.1 2.12 0.22 100 380 450 530
2014 110.431 111.320 112.259 5.69 551 40 516.3 591.0 4.1 13.5 6.7 17.5 25.8 44.6 72.8 104.8 3.30 0.47 200 540 700 920
2014 158.688 159.800 161.699 4.43 488 0 346.9 414.0 6.7 13.9 5.4 14.9 34.4 45.5 45.7 88.1 2.09 0.16 60 480 610 570
2015 173.755 174.099 175.544 10.67 598 0 445.8 690.0 14.4 48.8 8.2 24.2 75.2 197.7 51.8 83.0 3.35 0.22 190 610 740 1040
2015 353.649 354.569 355.960 15.68 397 15 363.1 475.2 5.9 16.6 5.8 14.6 40.6 73.4 52.9 80.2 3.09 0.20 110 400 490 540
